96171
134788
207494
328962
73051
325404
342168
239345
227868
22380
74605
63950
248840
139122
278836
180266
259919
359264
137647
281586
338543
76837
236030
45475
96785
139846
4850
138496
314989
123269
174601
217152
178751
67445
299657
242104
287655
39095
262110
148953
297324
234347
283555
200293
191848
285879
8450
172837
265218
250882
172976
311897
158662
88656
25597
36023
114540
187826
239748
147335
330600
106329
166251
120377
235712
93441
173304
277516
30510
316992
122793
303996
125548
120873
172505
323099
313009
141229
281495
347872
157405
258024
144850
117820
274163
73401
257516
44068
88898
51894
86776
21342
232586
317314
282060
288720
164863
148498
293628
219055
237084
127897
97864
359460
229393
77205
46847
173129
334612
216814
353474
264983
129171
156237
53668
4736
259104
37363
161597
231777
359137
179450
175379
62802
273312
164350
185088
75149
82794
215698
208151
27904
12869
232743
336232
216556
203089
190462
356678
183804
247219
217801
86488
93474
264060
163861
63408
270354
38013
313020
222540
201726
119038
164061
181189
65484
191756
27254
100563
77009
103109
324070
161560
282393
318827
149571
23102
121462
262021
122232
228237
304337
309954
141688
137754
324185
233266
268297
219141
326946
106340
69243
320922
182224
317520
68494
274454
262287
341652
198261
257667
140792
36519
335701
102536
213798
39953
304277
115108
283403
96842
79152
187086
97363
65585
187729
203731
46756
92807
259895
348033
36252
276287
343163
296345
111601
235146
345110
345246
123071
95014
59893
116622
184660
334466
184961
93256
16819
151258
309135
125692
47580
135557
228561
141200
249630
249552
200861
155513
163873
110924
209348
329527
51619
150234
76349
155194
48030
166539
341316
275806
337677
170367
218475
175546
39384
89667
180440
134961
338315
189658
114791
100610
285050
254255
59732
23331
273162
224554
61378
22518
39463
138159
61281
108094
69568
93080
65595
172757
278956
10058
190851
318614
135023
17358
50174
116357
56038
47857
80096
81933
47563
355248
118353
183471
246626
35891
43033
18255
336310
243825
34331
178276
167040
135794
358686
63823
294387
24772
144924
51081
69960
304486
260537
96704
179140
30079
128069
350751
226080
240521
113088
146816
360470
309445
345077
293962
283060
96941
275810
356929
106251
144518
293894
27920
131614
160164
56711
210685
351076
358073
63853
196181
139068
244683
97449
169806
62169
133597
262498
175919
23088
283896
151374
354990
102364
306812
29759
320769
170770
39479
120597
303020
100178
212418
302770
25747
254297
252866
167882
158101
203419
335963
83392
80261
152050
120680
312918
64116
178499
155485
204169
237420
354070
84003
87133
288317
300920
41070
348549
53305
51968
334767
183456
56028
126022
238734
112804
127205
53493
238390
66961
345304
324850
341438
261837
133998
282577
4034
340207
359541
129310
270495
286874
255379
172153
178965
111452
251452
297681
157278
186226
239871
51797
124632
146800
30865
337391
303314
318165
338524
26215
137028
194589
38005
290033
267585
18867
174437
333019
15024
106358
181193
220589
95597
153064
132611
340966
44759
25336
348854
160083
133950
61588
19604
237974
209154
357089
218425
23496
58644
171976
700
159698
94391
339469
258950
58996
172259
249696
166726
345516
257755
143664
42585
86859
312407
157708
180096
250294
275030
56214
307275
342492
212848
181678
68649
665
317442
48512
8227
339706
105966
59441
144363
166237
156996
187011
306099
19954
200453
248957
238026
239938
170811
350686
145478
307288
273682
192644
316182
168957
2941
263233
259189
67792
233680
196032
121284
230728
299916
256430
126068
46415
140364
335710
290937
274410
346222
359482
219339
10626
121686
100424
42388
15632
133933
121841
62806
224879
143889
345641
236297
118897
71302
41716
360207
137172
203251
264997
314938
206932
3992
327778
278714
138336
34013
17958
296977
299928
236786
48038
123616
264500
328121
251778
87367
232939
101532
346323
57283
151289
91137
34136
299335
189970
241482
147648
304710
266634
125930
343166
233859
12758
215693
150191
27808
190956
348003
256297
200149
87859
281356
235755
300232
234528
173517
179023
137368
162902
294444
335857
53331
271143
352806
352492
126789
142454
343868
38565
338012
125173
192755
194828
258441
146733
55248
123027
226595
20746
307957
76891
195065
49353
117468
224574
92560
229562
175612
339229
310058
134105
113610
299581
163376
114215
35366
23467
249290
241550
327059
109084
337276
73031
286499
81219
11121
311682
247711
340620
244364
304840
130847
141864
205252
34403
70064
212619
271710
313553
134424
288813
21084
225403
128943
212564
330376
72108
133440
242743
277717
188815
299383
190566
181404
151836
130984
44624
107796
100028
278462
281337
51984
186378
215920
182876
139586
154046
4252
332360
28720
183427
296509
216332
153340
202201
285271
60632
350832
171178
336114
325700
271452
244586
234263
26480
153119
191896
340792
257472
261905
169952
43483
283090
158394
155971
9941
52982
152766
277315
1724
218195
327358
255451
94905
307653
120594
209042
156441
18651
263811
198154
271552
18353
258445
107610
102471
299980
31230
15420
126061
196039
220302
98093
74185
137948
170814
302011
43908
244280
179533
326124
199260
46471
159768
69508
157198
81376
347393
162086
280901
57189
313308
74512
64320
59600
204315
262836
316596
256056
172576
296483
6005
360034
229476
154867
10263
272281
75408
361237
327909
257507
264182
170771
311736
59786
224239
105656
164861
16496
64211
20938
341329
123875
187197
225975
85752
186535
291496
125868
310340
12447
350929
269290
98757
244711
125751
342258
122380
11462
127787
139907
129001
346932
138683
197445
334409
331349
87723
259152
126107
200314
268503
296230
314284
12962
79514
132619
110474
263026
252870
328879
305584
281350
144856
208444
27595
315472
345577
182686
334041
48610
86273
177058
171311
157193
14184
232839
258581
127080
342050
268530
361479
354264
78712
13080
94207
260326
89578
84888
7593
95621
249983
12528
22688
143710
177070
228027
261398
27739
152287
351848
294061
80857
176963
4098
93443
164263
267741
357959
120037
341383
347547
324936
178033
283619
290188
244895
210030
119478
476
23776
31057
4737
121311
43093
214476
13482
3459
58387
300576
277069
98559
67986
81570
22391
21643
53530
26371
15495
188767
285151
251015
24054
6489
159751
56942
259721
254330
319827
117515
350771
355806
14158
322837
297123
261660
104383
181346
154755
220388
334588
86752
98226
265541
271517
336201
167173
310946
112731
75159
332669
19053
148538
164862
150237
242176
273443
329347
296219
33833
64271
232007
315843
213978
94806
319261
67804
176606
3548
130208
159732
45420
225552
109253
86569
129554
322560
357859
264583
358637
194995
156707
348478
53579
24020
8761
221229
251639
289399
49753
57720
357197
144003
67880
172569
196592
118539
361199
190647
48308
158410
224244
73296
48465
280606
229716
101912
69086
95916
191735
247380
138446
344951
42752
14124
182231
208951
303160
236388
341166
184812
30674
359311
145001
323505
316718
107089
47892
96046
2069
296033
63087
304512
60215
275954
187434
98490
123960
254662
213652
169531
121493
349563
233264
70900
129005
185290
318916
55140
83237
58867
221884
181176
67943
147254
210339
111575
173708
339275
16629
193172
159872
327343
318196
58956
271659
145541
201146
28954
42099
334135
317395
58943
191974
335792
117632
58071
342982
166978
79730
730
223616
145361
325036
182693
262361
9927
137020
139667
121998
131608
230674
11887
251415
294523
183244
40661
327296
149267
171084
257738
87345
108206
254400
278665
4998
199088
235613
336435
249309
91639
148431
44378
47655
231152
125096
152660
339225
138624
82543
249261
3560
247762
285873
183255
111246
266204
110031
279742
40484
288059
177296
300758
273858
325754
100541
160934
98221
119128
311831
39668
145247
146626
157604
63911
95949
238148
294657
152079
57795
104209
289625
59305
285169
189277
115554
99357
289537
37560
302615
28619
259084
312179
353317
89949
8977
80508
44058
139092
30448
102027
204565
118620
340640
136225
344191
98657
248157
49460
292521
275332
159726
164878
245671
26861
233457
285187
80625
14783
138871
124228
161153
139658
331539
62826
54108
221381
6226
23868
281179
337792
74805
232260
119634
344924
295019
267251
80400
16508
132321
267652
337006
243035
253196
305999
254927
310034
160880
244268
46146
265759
24276
101369
148594
340574
352817
14031
212167
10835
204062
35460
227529
295471
126361
48367
29220
126505
359639
192393
121253
113433
138119
6695
13190
317124
145136
169435
145234
253436
144088
361770
13347
107561
347556
337540
346925
286100
272448
23812
48913
44615
275248
326115
145344
65898
135202
182719
329733
27666
39613
272254
109945
261259
83860
142018
183318
339259
20890
110004
86960
139036
275392
312085
245118
244269
59574
289783
256983
335200
2706
215235
132370
267798
275059
94102
92013
245011
175222
136640
20049
324478
289358
173607
11596
184792
134659
179942
144101
7561
189223
57890
74028
351969
348766
274315
27563
186164
216653
157724
593
157191
180798
241660
250773
282406
50173
58915
274115
160130
227243
37718
301542
120519
72005
250653
59864
26693
13799
305315
134807
317832
32594
178963
272219
218653
190692
328471
355724
100952
44565
62929
318048
44975
107889
59448
26203
86036
258620
232765
27381
62324
52567
141422
83628
202578
210567
35638
57346
332731
310135
327364
41595
12825
211369
113367
200952
127918
51698
204647
120557
43446
92323
127516
299972
282617
339241
302813
53759
213136
297313
228004
169565
93362
8870
118643
81133
316564
244514
189769
201226
89293
2633
342384
259483
100786
268369
314180
137243
259587
86453
233721
352032
136386
167467
293083
178386
18152
47129
58248
32275
145625
23041
202772
121418
195063
329491
139585
346459
138793
339723
245568
325665
91568
146515
5141
39849
180948
134041
290761
2859
301798
135957
138990
343292
171613
199183
337223
311506
93771
248103
161592
78654
247573
346115
93585
169113
115929
59398
257848
190543
84676
23245
243788
290824
41658
249649
7860
130369
264173
112780
161311
297778
119695
51957
108557
58658
302836
239645
50096
117560
299931
296723
53895
151972
160594
318865
149705
248868
258618
4466
13647
32783
143868
324733
160489
272404
256646
60154
313520
32171
58803
306379
226579
75196
242713
347805
318057
346922
167621
26288
315373
71736
192832
38078
138510
269703
250976
35491
220582
7548
234352
352901
303891
303992
139753
286058
146514
91382
151241
178723
309562
264121
351466
36089
300305
162509
306748
205501
346813
344362
102354
266762
25516
324654
48122
200495
216553
47956
183696
132385
1192
17305
318128
297017
148967
332438
172183
171314
237258
58904
34333
310714
86515
200311
306345
126103
351906
313555
271978
80669
277636
315466
15794
72044
307900
235233
313521
293434
130354
32781
207245
236122
296520
164298
354986
270621
48165
77599
305954
167817
330255
330539
295664
204441
221958
286626
158566
148789
203927
54688
291188
178739
50671
39773
39954
1701
85973
316916
27847
49959
17138
12232
330350
302983
64503
178597
110691
98942
46246
154836
250959
120823
252869
303096
318275
276430
116122
15188
321905
230096
199946
276331
34928
269726
315593
2766
337118
146746
284415
351975
120219
283854
32222
15758
185674
17340
32162
248193
12562
155375
273780
299922
137905
221950
124391
191922
93751
206553
326615
204086
20367
36819
118387
357169
257570
28475
221459
177838
97024
105682
171363
347599
152741
304338
343900
103287
195001
209613
92403
316587
318107
355974
36639
223092
254083
53572
321169
58649
43937
352441
226093
6922
298938
360124
312972
143097
337539
117089
350590
202830
208861
297318
71544
223157
80960
9094
272732
230065
20863
242913
249310
268663
44726
54499
63965
3198
228484
134379
100119
62190
73439
79985
91362
61320
332262
124485
30682
136202
195872
283712
115471
302105
359938
76944
157640
136527
348076
231113
290599
331306
21133
172181
251212
16104
272829
213285
183893
163152
9186
346718
356012
228668
153395
96111
29043
119005
322274
110546
145059
206830
215192
205469
78606
295622
13213
225496
156250
128656
278871
62522
177778
265720
184190
171245
211907
206369
236062
311830
143041
346067
137284
61307
83480
342388
30100
69581
26923
218069
77797
211930
82502
140902
125396
331010
40382
91901
67264
268712
336264
178306
232470
63363
217331
319964
176680
6626
64656
107905
99822
22205
128062
207971
192831
217785
175212
47440
347636
267587
132211
54358
81790
268541
18234
214074
55232
274904
358695
62708
223131
193885
294893
115955
209865
25564
205653
202061
156469
346671
256331
93148
333597
151653
294178
271965
148527
185384
195426
351014
26538
277308
314444
356718
347810
229346
23565
46277
177583
239010
68246
64000
41644
56560
308976
153102
316517
297232
352723
228661
249193
285465
12314
295485
247790
155590
87880
2936
151744
283576
214618
354924
190276
188559
283387
31610
92287
128498
89744
63066
206443
174183
291850
270434
125195
290740
90718
213661
56289
63115
81569
285362
139941
328332
43904
355935
272144
111978
7158
245837
158083
318408
26751
163462
319968
252273
109756
210740
313629
160885
121557
204259
149801
300008
55381
237310
370
115458
342329
4523
28496
76847
358434
177277
226130
2148
102990
355416
272986
24599
292105
44269
147686
334176
199670
5140
348520
277437
28805
131652
173085
243458
283335
291840
28346
60855
13234
86516
328632
492
81888
60619
53954
233484
174932
249747
104356
352573
103799
189409
28036
244451
65548
190863
288804
112826
249030
278487
94310
244520
357413
198669
335271
74716
82841
174351
166091
281965
219
270401
299258
113355
256497
90675
111436
250703
152411
307234
192505
197467
304585
135815
59813
68171
308661
121575
279179
24881
86794
87461
139444
314035
348396
312272
157669
69138
29644
210163
25345
190067
170120
17359
214155
285016
215712
10056
142540
38269
8685
302887
117567
106004
296401
149244
3664
18877
263070
26436
25342
229500
148866
155137
28904
99812
286008
32812
99655
49076
238968
352658
76289
133994
42632
281126
23620
282291
44608
279973
130146
221836
330285
37897
257712
56317
94209
278688
214207
34351
57074
252501
96947
106904
202645
124316
358840
77393
212756
147297
194453
291648
3837
243093
316990
146970
321984
290938
18824
342540
179686
179152
72467
245249
197102
219528
110986
59084
305172
63768
211110
350241
192342
292029
234406
277646
12446
201184
43246
247148
329191
201790
207273
186088
236971
211888
28782
56226
354735
357164
106144
284019
247330
144339
142903
319558
296030
95515
65240
344423
301544
124828
303230
3648
77255
329027
17521
313720
236141
78993
3399
28524
276347
11987
279046
141857
282597
12003
131843
74784
347801
203430
158834
289451
59640
74218
125516
162325
37151
216263
36215
344649
209188
60813
186718
19560
65486
11693
148865
255930
157811
171397
136714
280830
346217
159862
99582
235067
271737
211962
132100
183404
51929
96007
62583
322786
202466
123297
102154
269141
202646
203559
228021
346562
276843
274172
54985
132418
328927
178699
9986
162061
9789
6578
313925
343888
321403
308287
44475
79800
248509
233568
32922
214413
339987
46319
188898
335483
159117
144713
131590
206222
38221
236599
288174
57630
179694
49992
247894
173030
74812
258376
120030
190590
213655
273553
14291
227218
61324
254603
95297
28915
256743
270280
61278
77332
49266
115447
237461
164958
79837
17888
303446
165716
16080
118798
126163
85033
75350
104241
107929
321637
274530
37447
273092
149288
79564
2419
10889
90026
79369
110895
327159
337816
177062
60479
67993
68950
181227
29196
286048
205654
348760
315226
254066
41521
57948
120635
355838
329010
192601
88866
331984
271206
325201
234512
7480
34510
341782
319678
164211
283168
72355
112549
190673
65866
191623
125293
183647
285124
158799
103041
336001
10960
305560
159506
227490
280698
100945
44342
321552
146112
271766
39884
121758
196683
112337
160981
145500
175113
158055
96043
234607
86032
292705
290880
211991
195012
16752
153260
230557
237
311799
36365
34455
279714
10621
123105
282977
40833
126048
118836
250716
127256
146173
110851
345188
248406
318749
336783
267769
301727
287659
321588
299094
133419
313790
288161
63798
58757
339880
160005
28210
354660
5700
178084
153522
136766
265188
100591
236161
280580
259826
353511
195510
237455
98970
142836
201216
352982
347229
78459
141476
313445
248856
121174
248456
55216
320390
319686
49658
12936
127744
136354
221210
182138
121603
118427
206283
18247
144273
93779
60701
21492
18920
350013
285907
11395
195478
6332
279450
272481
3796
294288
308115
151948
228219
150423
116814
275528
253532
330670
219523
20097
264861
325239
252506
207850
203582
132105
200373
322759
97944
297300
243211
323575
106732
138682
325724
281049
195197
221722
333055
108835
130682
345582
150951
202996
287985
172039
313595
252406
46182
234433
287632
86402
310831
172251
118627
358111
273250
169468
92667
137969
107190
276514
154599
235983
87296
106192
334534
50172
173527
288415
120621
196887
18208
246488
189228
138643
78451
17720
121807
189775
129539
356705
16677
25866
243308
58405
208775
32651
236014
128603
84184
329659
10992
157943
350253
143578
330856
35527
115349
189216
26380
305661
152178
355427
172255
325784
6657
69115
138237
110586
190027
261943
342994
178409
47487
218864
356771
34067
322028
120447
169839
63708
126487
63507
234893
84923
322697
121986
332274
179028
204962
265005
77269
109815
310582
70396
306064
340601
98753
302073
51741
272289
160458
343639
228506
59022
146373
352385
52849
320094
70747
223201
285045
263916
270362
188624
226566
163959
91354
20675
156558
277339
46451
353864
292817
353058
13070
204068
144476
164374
145052
205789
93597
314356
357151
334535
354791
236763
108748
311953
241406
175931
226058
248381
241775
317233
247328
359575
90099
172068
5431
90632
117473
241711
269153
123146
360817
265172
225467
227830
77670
325786
210820
60625
245683
40992
189831
338571
53562
211850
315830
64066
169312
50870
35738
104410
88272
259828
192841
107519
71811
327291
11857
214432
54264
207715
163423
177566
359712
137725
334015
155849
88012
315083
65681
32479
85996
309749
299365
130494
67566
276418
158494
171410
352612
32067
35017
228564
71388
94064
114615
312665
18729
73318
205760
13270
6506
70671
122600
101989
66997
73500
83363
146014
311789
99168
270578
122472
345199
225987
303925
43966
199799
279155
93257
179402
210119
174286
218791
7502
137629
137204
24235
103985
274946
288191
73355
329993
36730
320293
184590
47738
121512
76578
297933
166936
120889
52004
312083
19530
220698
282442
208317
189522
147583
262628
317659
41155
116533
131850
91295
43410
209577
73135
208420
212336
351294
74609
87266
57608
283700
34421
164032
27233
337037
69781
256881
343592
266686
92039
220194
47746
64776
28736
97484
158216
255752
124662
54090
215506
320152
139727
35277
290167
42448
274728
45385
307174
192949
214309
310235
311810
21242
168762
123108
296397
190257
157167
20283
89064
143093
39976
151552
85977
305722
81604
268762
257980
34207
172254
45701
94978
81608
66318
6203
336009
43506
146084
283653
38053
122780
119904
278343
193073
282931
286675
80478
167549
115858
195717
349203
53662
130715
282901
210838
194009
314088
276543
162037
337508
200764
205224
38568
139725
351313
79592
79092
101414
42849
64741
102231
231553
345151
25552
13628
14542
149841
90663
39028
309394
54410
197262
183549
111614
245454
268979
342321
130318
124453
163243
240320
190145
1014
309739
200132
324129
341524
323498
249386
300516
166457
361893
157800
348559
100461
351988
245420
326305
240766
148440
334704
53602
6117
207171
182820
103986
99327
218609
140334
104566
138687
295222
83722
354216
221159
299147
85027
277019
21120
185026
309398
354095
142573
168273
151158
329021
173313
338640
44622
202559
262757
206
225787
133213
30817
242976
218886
34531
143336
35330
285505
293792
145530
930
218674
212837
327034
141553
346450
91659
50581
188730
163151
187460
30792
214704
245591
197386
222849
106439
102222
216293
60245
329616
356032
268635
176967
335153
221698
140737
70557
258718
335638
248859
319256
82157
196375
74372
192953
348245
288587
73310
143945
297887
158487
141934
11098
48814
243295
22451
358387
40903
224663
9193
24697
67664
287481
299923
260354
100820
230970
344454
192962
155004
260145
62556
115079
139383
19578
99845
257028
118031
216073
188218
309150
191396
40028
278736
22611
253369
17695
280681
281694
198507
307187
75394
82644
241912
159781
237117
27957
123306
290062
125362
18710
310114
200060
326878
273476
195971
171666
124805
204112
341534
93892
38367
91154
64984
190882
288214
172240
63725
142654
292477
338143
62269
127497
253254
344563
153668
48821
292296
289818
326192
252732
164798
29320
262479
335013
12913
38448
142379
54699
40629
102783
208691
50871
177587
129409
146197
100996
152765
166481
297856
128979
157607
2608
347734
121221
10217
128060
229982
102950
352978
29560
45985
94659
76481
339913
124082
145612
192705
99067
145701
156417
115668
1234
349446
40553
197021
313287
309801
219277
531
116373
312617
182028
325112
354229
113018
4611
147623
278003
342014
260865
185472
263589
305410
293910
259155
158547
156980
300209
138305
242201
27947
297707
5835
40471
176338
245275
217746
322223
110427
194809
264280
56077
245078
316300
131680
11856
186659
40477
324054
78994
223895
130406
283190
342455
246537
3948
343942
178869
194198
21486
57861
272192
115844
222081
213275
17282
141414
111892
155371
129089
268214
342013
78642
296868
9867
340296
351279
292135
239971
106899
306357
303868
135543
311545
192928
207377
5621
327207
229741
198941
244187
359412
65453
159699
107102
162286
326909
277933
244383
360289
143656
19583
231222
78925
31970
46947
315745
234115
10107
47058
56584
170000
269534
301699
314308
3975
14925
75887
260728
285119
227519
53770
174465
268896
95361
272389
70373
135510
201171
162511
318156
211390
24522
46868
52695
308872
340810
321841
40804
284840
1551
250643
182009
96734
227847
358170
181327
335040
68646
174034
227655
72628
154229
240780
294952
128771
221960
124598
271391
202987
225302
140804
236356
245231
278695
275582
3983
82860
250472
324506
31933
237900
230381
335249
325132
10145
117375
311002
75206
175848
167149
190998
338716
192503
193934
229318
200711
21944
104957
173606
107282
191600
159517
284541
359792
131032
319984
186386
132327
149888
8147
211959
176978
36939
145301
18834
13126
82952
351699
16618
47364
333260
31566
338335
241968
1375
304831
185066
151598
308547
211740
22925
48524
147563
298015
138954
223540
217250
193903
209746
277380
250609
301889
350852
83244
307706
245755
107745
57866
275374
354291
307985
242651
291335
174329
165305
111948
7387
148127
351729
48597
262244
188534
345121
258493
326822
109052
225629
74737
305242
18528
273936
256714
275543
226364
293043
149413
336538
104359
40919
216027
9105
30338
119728
25269
253040
26629
116641
128817
139364
281877
216886
273674
84644
102632
113962
330845
161648
45199
51672
111633
349998
83172
13710
202132
293715
14339
10809
316498
359324
318051
315778
299958
199969
167702
274204
314430
251895
246457
228540
298267
131015
204741
226126
220671
360457
359437
24406
105955
45467
303115
209163
193890
202529
40002
180588
60620
118571
103764
312848
352754
161378
153842
107185
93133
284671
6529
12408
10261
203961
319057
199092
70803
284335
339980
25562
133133
240318
3588
269068
353728
98281
50061
350337
109902
204310
193109
344971
162240
135867
23115
240761
23483
72466
329581
343322
85874
146006
285649
315959
343057
225028
78194
188576
86042
337488
8301
227722
348473
38506
80640
52462
126551
119630
30959
348421
276592
10803
339541
169139
211650
354181
123555
237457
17042
316068
334358
342584
270996
297250
173515
260249
317775
22398
323934
10136
115505
45974
39514
184160
298582
159896
271179
322772
110510
199767
358452
72500
1938
109088
178204
10180
313033
335085
333935
16692
299694
299858
200518
316093
281571
324433
255209
206447
175442
73281
68237
300745
318561
203672
130107
82905
137829
205342
215199
284980
181001
193758
8642
278798
120144
168046
261794
267133
319534
107838
36551
68401
92425
97790
2612
329249
301486
135249
180078
119146
281764
280361
102819
139033
209709
356587
299766
260711
146138
343806
287649
252816
266654
14764
20034
321657
222916
256671
2317
54092
140003
256148
104131
300324
290339
65230
220731
35211
98697
279808
156929
79613
205535
279927
55780
303828
89055
287676
38373
207675
22377
32537
107578
229832
176673
199161
20954
122983
243897
155789
90421
52515
223120
207894
199645
8733
127025
135524
9286
242588
19746
15516
1985
74158
327573
122326
128809
310661
349151
351542
26077
165577
333808
46689
308074
186487
80466
153176
273411
212954
362131
101878
158389
269454
334972
25610
139827
45767
350967
57797
41562
281884
324637
215112
107628
81060
228936
100057
169052
330921
160304
63158
166711
310944
294269
339196
183789
37733
327356
354890
195491
147818
204099
335335
171642
159480
120304
22221
208815
61824
301065
100874
284035
261437
301331
177421
343659
27549
229290
303949
201467
209353
336960
109146
360203
297406
56177
334112
66676
104993
91929
39634
27185
13814
330555
263320
99064
126039
311367
276274
355471
350537
123111
320281
231023
105430
101303
19773
357903
344409
50307
342970
315756
83419
289597
332464
295466
305748
303756
282512
261739
102827
261170
196123
66669
126602
359627
294232
126891
148838
357702
311305
275347
181596
286695
45341
4740
307500
33046
224856
58927
91884
99870
78109
102177
60973
265320
175699
145623
317321
137170
273410
316506
118830
6265
279986
168771
18045
288952
268819
307844
328299
150007
304029
119117
52156
153321
103872
119445
139533
120289
39084
31509
324229
151299
11076
212409
157859
103486
153147
47598
168078
18455
173327
125128
314704
343228
117343
103325
349342
93976
289041
357478
307592
9019
13957
199535
78736
267690
196588
113304
71040
316047
57839
283063
330391
186838
7300
43563
78965
224659
256816
134120
154124
67321
61177
200762
341221
257644
219024
167902
9302
287450
118111
2158
337932
275939
349869
101790
268183
219622
183793
313406
4761
199093
331201
191901
81662
1530
241829
40055
41140
277084
260186
28098
1831
163163
354460
222006
85073
129617
266148
70717
9395
25799
208521
216539
352149
10120
308975
63585
236395
163271
113174
59926
154060
156000
357948
288546
120740
181773
104103
198747
95294
338684
45429
163303
234478
219444
203888
8470
316570
183574
240361
80138
36814
39589
134704
301703
193016
176096
353989
296624
52560
65151
145935
2920
281765
202362
95056
296424
116359
356378
85821
291153
13123
306565
417
96403
165266
228580
34885
113690
206328
237753
283561
361678
82834
125622
164232
25868
87204
185700
179608
241695
71499
187382
88496
93703
287087
145358
95418
17988
290893
147599
211204
13581
102965
176941
104558
343980
225545
272073
80826
333466
314590
326748
139864
132825
104702
229981
139732
12111
209233
291745
205040
84567
40713
296128
336775
10986
14735
313246
126193
110165
312123
330706
175645
176372
66289
93764
124767
247511
50291
170813
298299
95151
277738
66456
139806
355403
52591
61315
47528
255068
326676
149135
281170
55305
4404
29461
185965
24466
290393
28608
55428
24109
156571
270004
4358
145597
147471
350072
79317
263917
295098
340446
35295
248047
101819
286970
297973
243538
149037
123166
106348
294508
179427
177960
130523
304266
112314
75982
209842
301750
44915
135237
240578
67261
180811
9775
177779
339349
136543
250105
246720
171126
97914
271129
88667
186744
219520
34047
202654
6045
71596
149577
73611
135118
27385
360043
198291
237029
263500
134753
311176
284925
294356
322972
351916
95259
281923
68322
1343
199503
146762
330577
186631
14826
202672
72058
155702
84912
353461
231413
280223
355092
292670
115098
35102
119938
6753
15858
278362
53302
13781
278993
6517
81673
304804
112215
274358
129661
68497
170178
88694
339286
361468
320056
343897
350157
24274
11403
159314
115243
259024
304969
174273
136315
149644
223756
151966
92487
343235
11037
92206
40725
86904
347774
305203
142110
171931
344908
343676
289040
234743
271752
254578
339406
351375
20019
87881
360553
325573
135018
98499
63826
169424
142808
47148
6673
222709
28011
236329
358518
25314
213218
32515
323672
265734
132132
154221
125435
8283
120610
132680
60496
236439
214264
49587
42692
185918
247042
93117
153786
329034
279567
208554
320108
257946
121252
357622
119488
308811
172390
146651
91335
114751
362192
237280
169941
121394
289143
314628
231815
281510
329971
232121
149385
226005
1326
242554
260945
171352
53941
227512
247245
210607
59097
14975
165546
60249
103759
119549
144265
210420
91766
269468
58219
226952
206890
301845
40061
61381
138845
147197
136750
5200
93636
306522
343456
88533
11022
93130
183462
346169
40567
270806
32204
50436
172480
242357
352876
45528
330261
198741
205029
319008
91971
345977
350644
223719
145814
279414
66713
94679
31259
79193
100095
74495
340933
321060
308301
33703
254678
74419
18198
332155
140683
244998
308772
20134
134906
212763
88640
122514
186422
284728
85581
43681
129372
331091
354994
210716
253865
345883
320066
127006
186043
190303
116107
97971
266570
202258
24596
151401
332579
137802
147566
261706
449
255077
68869
5342
121515
13010
349591
258368
167704
20728
24672
303128
138560
189800
65785
163085
20668
17281
90187
89925
11352
282165
356626
309456
218188
37895
262730
290502
44661
308712
323007
16568
250260
125401
62264
195430
163604
135780
123378
88598
322442
239216
155692
214389
308190
345018
274604
94244
136863
196275
171826
63270
69515
68221
110677
140996
29122
269371
120125
330586
127981
126320
148053
76401
355660
215705
199597
319945
24956
279851
294757
174520
138380
19303
329475
91101
186610
294548
338529
303112
176476
40006
105102
203790
349304
91882
30760
350010
237816
210576
58853
35568
316189
245353
239900
112963
119497
128297
126265
94884
290903
313052
51329
60057
78190
355722
235574
294071
276775
13051
15449
20127
206197
172804
43897
142230
93213
232884
323951
264842
301192
15831
151459
312720
62750
124796
222511
150894
337543
356116
292544
322388
234673
144429
189704
179796
306043
90897
293554
130374
282964
325547
85284
258772
1280
273328
102097
121790
323118
313999
151901
292136
93644
209021
7481
141722
97606
72557
74957
41824
97319
31817
191284
96678
145754
244248
320797
108266
21085
271577
24207
218891
48763
85774
174735
193051
352456
215734
327227
84486
126141
344568
78017
312248
320881
139847
222159
241233
120849
333477
173509
174155
315702
172180
163827
9935
207574
177004
279915
187356
105129
44740
7640
179513
175781
67416
318106
267916
154208
179570
267110
153168
104425
232339
64198
60939
239318
127638
125253
223049
286260
85528
296811
238321
121867
83201
193225
182681
293837
255403
331893
34379
123679
258707
112509
305508
134472
146404
317241
75641
80747
106389
92319
251713
142959
102085
34849
3180
120025
340319
123367
346767
187389
4663
268974
31588
336850
88095
283080
282151
36419
257552
334008
358951
282631
119143
188051
300771
325682
361841
252542
225287
156942
300205
100211
340844
290557
155452
4834
349777
156823
57424
46443
22822
7757
93476
210338
74970
160631
119025
7684
144298
139438
29210
237122
90939
264611
355992
220231
264006
273236
145018
206123
351939
230094
303475
162677
311908
53633
177307
214480
194249
293935
309583
353540
65758
117822
136097
180493
211402
5977
145813
76585
210632
322318
335987
142913
344729
255801
68438
267414
188263
61207
99842
181021
191805
211686
154766
135049
289807
207953
198418
91748
249089
44488
233669
250707
20217
328397
258174
204570
201308
168921
106813
137389
19970
329460
73157
309079
54757
328948
317202
262256
276461
217390
280507
247212
205282
215929
142223
41139
81265
351962
140773
45058
337639
296619
234289
38705
152656
66402
152112
85527
173611
41308
324065
168792
127102
70754
79518
201065
208707
349754
232799
275182
296588
16220
80014
244414
239898
189418
161204
348237
85591
247877
49400
142312
27374
36967
178221
185442
86004
315696
362194
66378
110809
79391
350598
299459
340177
293307
86708
138036
350990
111888
52577
140463
319100
309502
222384
187117
94236
215244
69222
339139
297197
288756
297502
317545
60938
342252
281820
134861
282072
164205
78771
202489
5512
241680
157584
110105
125031
210840
106950
85541
331976
228131
183829
61407
241969
145904
185879
328164
332609
130604
268287
86787
259110
257697
25253
491
228120
193259
284572
208016
169243
354068
353110
102752
254500
75503
56355
353485
291663
229952
200298
177896
136405
248687
186028
116997
219726
40372
213291
278685
190511
191404
172969
164644
285348
33648
342198
76182
146711
244934
194310
60996
251925
247100
189727
319162
115135
296049
278144
32872
340467
196772
292496
180130
253530
292113
39069
232050
153177
34086
29647
131370
187502
311018
41499
294885
317465
345416
238322
58389
115785
89780
326213
126553
133557
300303
47980
193243
184153
332730
275737
254571
28014
198944
73047
345374
309817
249432
101848
270010
338008
182691
292980
155271
218923
84146
128087
35722
73615
147182
197300
182587
209053
345302
245858
314739
249834
128944
309349
294762
248129
49635
38988
195727
98496
243531
306588
16015
92562
315736
273136
87837
131948
12548
321850
38234
163694
8711
162333
360303
120607
284291
37039
102635
190819
39290
193916
131986
349088
179554
31752
213469
87314
240409
428
360972
323630
167784
228206
310630
282211
336978
339470
72851
277449
245973
278740
181313
133705
324003
304834
294391
71389
306970
185999
136492
335286
304410
307567
271876
754
36499
150769
62761
287391
327017
97362
115190
207397
323670
263432
266203
229460
50768
174483
105385
54662
34747
220378
205602
57843
72
81562
316964
286566
219530
282599
283115
192850
147211
269512
330250
178299
205506
78220
58291
315348
167490
6859
291587
15277
26465
171025
168457
100887
76090
221068
21837
101147
350824
333241
202373
37184
248801
166369
196456
335835
20332
113412
189029
16392
325502
345578
327063
210039
108086
151492
334105
69237
333339
114811
361885
311278
340134
126646
301847
303723
250409
132408
9250
321086
269488
131950
189484
326501
71859
91323
157291
266207
57004
260068
317259
257987
154243
277596
32546
6750
198716
162710
35108
150587
32632
106199
12681
127062
88900
314052
113585
114707
302871
136192
98276
327893
313247
116621
32587
70938
63327
173932
50472
200142
26209
329105
99307
12287
162190
187154
84171
314605
179064
134298
299416
277478
296402
112435
15628
277090
219805
73609
44747
343885
153737
226929
183595
237533
90170
34044
74056
163241
195907
319111
187888
240333
15052
124938
62412
186655
322503
257470
99147
116735
253813
77518
150975
337444
87748
17566
190344
70752
202419
160152
282054
357415
148563
167330
70353
307993
34776
39382
1954
307800
251462
355989
181909
261389
304430
114444
109384
35364
264808
279924
245136
254769
40611
261065
178137
161897
337023
171690
57246
156868
187104
203567
265886
294008
145644
222469
275713
234854
252036
46788
72069
99550
197699
225694
138571
245493
242698
127650
47948
131057
163217
139643
358318
8765
222130
288806
203893
272225
51643
276491
58962
214938
102584
92139
35624
142246
348694
149882
188670
277331
122765
22608
150827
344890
123932
184170
165712
228183
151167
359176
94121
6439
126780
152469
82804
341278
74278
339424
257670
325039
106160
328296
331787
161344
196432
221676
289182
107566
113011
213954
4446
301270
180746
311324
311060
141585
167789
23703
117331
293758
215149
320722
180417
353094
59822
69674
339631
187770
146725
305695
23005
132855
32433
343516
250550
17904
327825
77475
310622
180712
176890
192061
295063
299604
280114
237685
190872
309976
183174
82024
335503
6966
2888
20742
202221
111993
122603
4661
14430
42028
87068
260295
158670
333789
115448
228957
298957
339268
269179
191220
47611
273763
252011
253637
279286
286040
41622
134905
143630
286522
339463
302548
247215
222785
292217
83329
342859
103579
196526
127857
215916
75585
306965
155674
179815
343736
231878
9219
106026
32326
73313
262267
171835
39732
102367
88856
279965
222562
92318
288315
77702
290250
65555
150678
310701
97768
125126
153857
98692
66649
160711
213886
112312
159690
340028
206228
268997
230386
83312
117927
220832
44893
214748
191652
310414
266154
135001
285429
283820
308960
314078
258093
348325
183915
173316
198887
188579
163508
318116
52844
218596
24580
208941
201896
326737
53399
289926
241015
180942
263808
18254
351653
164180
269601
310740
195819
108713
158397
3747
77954
217068
175803
95257
162410
162597
133993
162229
156940
42092
243309
153567
220041
107452
231818
147213
32400
103554
241060
117948
115742
101759
99431
344532
106311
258726
282700
221014
114013
341547
83136
66382
136229
255813
337429
55556
191458
112370
294087
248175
226269
102692
145422
112290
267455
331724
303519
337054
323768
82940
232896
172968
182030
299505
152333
11063
207946
118087
244355
294519
323719
231654
299313
136102
170006
56245
359622
282233
267334
331057
77264
5074
62184
122249
238682
347480
228730
244824
278124
149831
164450
43201
321569
126932
238238
276988
66220
206371
90138
115834
235770
63735
242088
163095
138693
40803
241664
355455
99445
336121
353822
268033
144384
194924
69576
114347
246752
345208
198047
35066
47492
296714
356939
211188
271079
287488
31590
328563
44062
176531
349895
206975
207677
952
320211
155986
9114
284406
218196
351649
94793
44908
257820
210998
332720
181599
176225
326808
320719
143678
124712
177643
333530
59852
360593
175613
201814
43985
269169
156106
226418
97750
225860
155131
201384
88131
279779
339549
162651
101230
122237
173317
246046
123305
120627
272040
2420
320156
285294
128642
325248
54437
317218
235071
333784
250361
218063
127793
21544
268351
113687
207100
257070
35483
54949
260130
168601
41303
92844
323530
278577
230392
185596
338580
167046
164763
341384
21179
245356
29308
114892
321283
201006
96983
302696
58339
310585
220726
239777
142182
195874
50904
301611
2027
184008
116282
286990
227728
281773
129667
88887
157621
30288
116067
267402
211449
297392
270500
123801
323730
150106
20631
239843
209140
268687
142662
291057
304509
243102
351972
224795
177205
295958
237473
275808
304783
220828
333799
209610
315570
327611
7045
356009
44120
193524
135709
168835
346367
45112
198426
99075
191429
243882
192346
105055
257979
354396
320535
110441
300639
118628
3243
139464
6308
70052
166307
332082
276469
19649
20317
253903
271124
323720
52700
360866
214758
309185
178060
88787
361208
95995
342144
144567
272332
35506
355840
140764
272297
108321
132285
111525
159783
181863
104150
328895
35645
249662
5343
348314
178369
159680
334719
148055
232204
251498
134230
151174
280077
17290
204951
39632
256907
338435
248425
327444
154182
276870
303470
271051
223188
63177
21274
321142
261879
234857
347918
47404
220789
141849
348232
65104
244056
54763
252139
53723
145476
136710
7090
14095
44787
264045
152795
360938
48345
52587
20798
320437
171391
196681
98030
209429
353737
256352
193816
222450
240162
216940
245359
138059
185398
207399
265128
270202
358988
242376
277923
68851
299352
289461
303617
156185
186472
61370
36809
141203
1420
12419
116418
241308
23024
344531
133764
203980
144072
259706
219292
110956
339637
60208
340530
92187
292626
134530
210986
243854
236548
268099
171435
190410
19793
173964
347334
248678
314523
136643
313634
197209
361248
287718
256105
145998
245500
138434
20861
175673
154449
171023
230678
156845
234036
210643
94520
323019
345804
13383
345130
160343
269789
311667
92809
243578
62102
142269
34540
191372
91379
354287
11768
234529
246155
359238
25545
235448
41142
279102
268070
164048
234610
278876
310984
106947
246670
193291
168686
5553
238820
307292
22815
273536
193764
286704
204928
319552
278932
221152
171595
205314
191800
248923
32396
59685
252486
11330
10113
69331
207044
71145
234645
232971
329016
28526
293166
31495
301921
99851
12858
280529
336950
169180
118187
141850
354938
241803
89180
236211
42494
317830
271649
73847
176468
278198
319362
361925
112860
79282
61621
101519
276747
308733
143015
89675
306358
76698
263650
138625
146101
177907
203065
220220
229421
173822
43195
130478
100188
293800
219832
4328
344952
100836
281544
259062
244913
27764
293237
179312
241113
259748
91657
179451
316416
5935
49398
216379
58708
150904
221948
358262
340163
356466
101030
199457
304098
132633
152536
21335
244575
4667
26906
183786
51357
67106
345908
297520
181637
128629
187793
75867
1800
69179
316694
84620
159204
297625
240615
166932
228462
95408
232398
322539
122506
189024
345707
211903
197388
299569
154218
45441
337612
231506
126328
246027
31737
245732
6545
317018
163722
8357
98377
280485
147690
130202
188824
65605
350886
168674
263878
136506
150269
184337
320145
214307
135129
291245
357607
161175
312622
145802
164952
6240
10185
313208
110764
82422
345144
140551
148107
81961
310706
87785
239050
291251
188049
352011
1540
317598
271859
324957
97153
190000
126633
201254
105726
227015
343772
274941
41248
113530
1266
153727
252081
157590
277510
19900
151724
273860
145799
311724
337862
71202
5417
69299
50072
105178
274313
245880
231707
26594
321507
47355
75098
55269
19417
254602
293744
147914
343572
115119
170074
346609
345634
325184
335806
239133
246580
37289
237355
180606
36624
2931
351674
170391
224412
325418
158364
134440
82383
114911
976
232460
132998
342140
53497
88255
185863
149134
334326
201621
296542
253073
11915
232980
196919
124277
53677
161919
14948
199827
43826
325309
29114
302236
56340
73809
324538
142463
13491
14040
229519
206657
184034
270800
159266
240106
176091
242496
127202
248909
163154
298246
338888
257608
334779
30688
239033
93013
117684
169666
315827
310156
27557
135777
169700
188224
206808
200916
274662
85452
125649
284173
353023
251676
66697
238145
53447
219962
352924
31392
253782
25814
116739
171948
62335
255545
243649
286759
211404
127478
32128
244174
162816
84114
255774
47152
240400
16421
41649
341132
347458
161071
50193
333783
205423
215720
306683
32941
189212
224126
330884
278360
354894
263408
309024
336012
298606
266138
54288
272875
340013
170215
171805
25712
234541
61183
194361
114106
360358
201823
349406
263889
361762
275736
70906
64517
119740
47028
178019
156637
39309
159693
260306
286387
257541
93806
324849
34061
71574
46905
299941
357304
292120
240192
157266
95937
36884
240826
142383
206292
339024
125421
272342
316118
257659
303798
697
107323
180299
139311
260117
73220
45624
44103
112864
194286
222112
144535
201179
54605
295801
74750
159438
265914
171364
122436
306340
354517
185963
230111
35597
19115
66021
141526
277806
26986
277165
67152
269962
228860
250978
310074
310079
42836
117673
345206
361490
8344
32169
273372
276800
348229
123252
282129
270582
331158
161530
78415
112173
4692
184918
32649
221488
238271
177355
91492
150395
308419
66465
169514
314845
284009
359521
199536
214723
200088
323856
304732
340138
100634
334444
215032
132986
196131
265556
210940
337957
35090
33356
103567
30660
118526
195441
94987
98564
115400
350697
298743
318529
272487
1324
184435
17035
183629
284825
174784
231374
245822
350141
86295
207949
233991
344226
186420
8852
271034
50963
325004
201440
297471
111236
314037
74995
279889
42115
187704
104964
11111
21257
352678
89288
197122
291668
173586
78820
37104
292289
214906
223854
122419
232945
94921
5646
108671
9878
202282
198001
94015
341648
278337
294606
169868
161822
85726
319645
357209
158800
226431
176555
352008
333436
188025
41721
101385
157322
249022
68879
245059
104369
27387
18460
187094
195075
204954
297754
30280
165580
31424
136322
140861
259861
275833
324324
203009
298329
166835
280449
246842
327810
11502
57406
227750
168952
103551
294251
66967
98249
358417
271630
21724
189984
197983
302347
131926
11517
101154
224108
206105
301277
337122
252364
346003
329198
278764
167382
333538
161879
307214
286119
86532
151712
325729
328538
3150
349157
146127
101472
198293
49226
212965
322621
146007
271712
106874
271857
196372
59506
215017
201414
226259
304379
220097
127051
312952
225207
48194
3654
183184
314030
116403
29250
347337
20048
263859
321514
104020
273726
136334
101026
77883
119931
57590
289897
338813
306775
305987
170501
51947
89440
119442
122646
83074
237580
114644
151420
100692
56986
325745
63380
142212
174669
298657
176349
126569
109731
108927
152230
254917
204610
327752
246354
200918
338991
33392
353803
262016
248734
315887
66196
130655
272769
315156
43842
91325
331649
255015
70487
178253
220845
174299
346250
195939
269928
95854
180172
72568
263011
92540
338302
150703
69362
298144
260203
20385
323406
55773
105526
276032
249481
4719
167401
136890
193350
362057
307453
321152
156139
244074
155762
109656
124353
153040
70621
25808
5298
357136
84086
316485
339822
36914
168029
118617
35778
182749
100481
125982
29279
234183
23643
114331
293120
212099
137101
20390
267051
276948
94395
220614
26527
195279
98676
345240
76149
38754
62490
313587
175316
211913
298626
135460
184004
21107
7650
58078
345311
256170
313344
158650
352836
110991
144001
219244
348820
95899
210539
179153
126036
68889
71953
85848
25491
166563
302223
194325
320764
85829
310702
193373
270151
205034
218089
168913
213959
312981
347427
337679
116620
80283
88688
227764
234590
130441
99091
262359
36011
215755
65747
15961
246217
225734
345388
249676
334432
307459
47814
35784
202803
342289
348094
62136
327352
313814
294743
313993
207325
38217
316243
67652
306330
53532
150512
248917
75796
158234
137252
265795
26844
77800
287960
157747
162887
53159
3478
194665
48466
157750
231231
255429
300930
324140
229774
139201
45141
190286
80397
279875
355165
152702
328747
6636
222746
177597
162557
308118
170466
190992
279161
252679
147106
262038
104190
53641
139306
295495
181685
56488
296477
37387
4951
303507
346391
123996
203136
229756
234984
297517
263489
187101
91211
18502
46704
112622
55998
282703
254038
263245
262013
136330
40220
177504
164595
169391
24761
291629
231415
164948
108360
194359
75027
253202
216442
64894
310065
125292
16152
48928
109250
142478
345779
58435
253932
801
353918
309240
28752
314974
199500
124224
64167
321802
313949
119134
323272
341400
240798
103388
338865
297794
296180
162090
26504
195298
140705
141211
301067
34793
3797
170349
222643
10687
117554
185201
119459
234077
47546
22082
228891
101329
215841
179361
256766
308639
229281
155465
238927
129790
249112
144948
91871
153169
300904
266004
306768
250214
188668
126171
139258
62433
188379
112683
296465
12822
107009
161618
283512
276193
270005
235057
7096
78495
87756
236134
36698
42052
311420
160034
52344
101249
119140
264189
144706
212413
313836
119009
250790
246231
165062
196903
84650
277475
246271
319056
162607
219209
1737
159883
294799
295953
242549
296079
116908
77608
199828
101221
80676
291897
347843
241110
193865
87557
326045
290378
324291
264115
356305
328390
87087
170949
216084
12897
124977
233431
308370
311241
201996
79525
247287
50028
13716
226904
89322
120777
216445
198043
237063
113372
59807
28721
181564
336008
126447
206661
280869
261579
219237
311353
180940
254333
307281
259301
154797
26915
189922
259277
180077
349106
198875
203794
243551
74175
288270
277419
221713
316799
209737
321201
162328
234162
307506
138631
256531
221187
133548
92996
228450
333042
79342
247082
124056
309251
3328
316889
78895
162642
240904
263100
350024
189574
7405
140478
200041
3030
79814
98436
148011
182292
275442
305651
56392
18725
61341
65178
173090
295714
23076
281357
18731
219176
123968
82412
125233
311961
19665
36134
47511
175842
185499
277860
30176
66090
325022
235490
7015
63413
57097
194608
212964
51310
51043
288250
147128
78857
359563
323416
264657
98518
239571
110133
279985
323664
228192
352040
348677
138547
167500
291136
206103
89232
22394
165705
130603
180599
294844
338626
189203
328548
339667
339731
347264
314631
76506
68856
7887
53590
309791
141897
344180
322265
300953
78845
147737
344225
207294
167736
238786
125512
248179
355972
229865
218025
94637
329463
100685
297917
221175
253227
85125
293600
248245
214152
239046
39505
355743
262569
360377
286408
181792
243315
348063
120472
78525
282481
101566
34880
338210
350357
21926
90367
310394
73152
21009
336562
241967
118215
182654
74420
128742
60007
360498
311073
228491
237071
11031
48204
193215
48980
111259
285133
314122
103174
332016
83420
82995
162512
142815
7824
196566
25972
305824
225521
356618
16942
320009
183158
130486
127848
258252
325151
291717
81635
337378
98758
66674
153887
349840
207160
270842
64729
301942
285487
50095
212403
112809
182399
167680
288629
79148
308298
100661
64843
46068
91223
194902
48725
316203
248773
98867
201778
11700
45169
245272
151524
246352
242435
248475
101322
260645
103027
511
42285
344593
90189
240471
283599
231614
21171
41746
238352
238477
90293
80052
305782
207215
210966
158231
208819
179418
226593
266943
50247
169650
272851
109668
267860
72485
1719
137048
341174
110487
305812
296570
291916
191387
247465
109906
37584
235741
236203
107157
134589
345300
33444
37854
47482
154899
46006
300556
18079
93528
346877
148907
266854
234177
26457
55087
298497
298566
268103
18217
67697
144654
94551
17380
114683
71820
331177
351314
213363
140614
90118
346896
333122
143454
340858
102793
101976
105881
93742
269643
34446
61736
173036
287310
101686
358595
139790
355950
111615
73679
302126
16150
345091
330870
345387
269509
275876
59588
67902
41020
173383
177375
103741
269212
88474
142822
125590
176608
341007
197912
205927
249483
344352
42524
191635
352676
162832
32476
10290
30810
199002
144501
156065
164823
50094
205738
248026
140344
353134
161938
31323
147439
120779
275156
87325
155589
127178
142032
101736
17514
48445
13930
264422
123255
105176
61941
252518
13759
168965
13937
88486
271536
190551
192442
302329
231347
17706
17780
347500
90969
14922
164864
120085
87060
195549
197563
180272
104969
15041
327294
36459
248615
139178
127569
231116
235948
114606
120827
308072
361900
271394
302536
18282
127489
66916
142958
252110
353410
203342
189176
203446
56847
163036
225163
329241
184518
113226
2159
342726
223132
238611
308009
217633
122723
46124
317850
129986
195312
352636
305186
112071
172743
148359
190944
26654
108212
96505
290373
31345
123920
302312
347906
319300
118045
215609
93851
183028
77161
37139
193301
342543
286739
153193
327246
84992
268194
251615
4209
342983
270473
212114
332765
58465
221776
139718
238
346275
237336
10869
95759
208586
172476
314257
64736
243470
107738
171040
198161
248218
31757
304893
200456
160350
104179
196242
235560
351042
38694
339542
307206
141152
184927
304059
243
62992
60344
205000
148574
224790
226288
309879
256274
326301
334328
229266
94057
342351
286457
227244
24431
279930
122142
231306
92711
313855
207794
353848
36769
297149
346495
92327
296975
53951
134642
239540
33551
124751
64625
22906
164295
126844
2183
274657
99346
190403
308244
284410
311504
196717
146145
107374
215392
309285
64336
10832
81354
348532
118767
85860
274443
135315
263216
256484
115998
326
303428
89544
1248
133770
131891
6395
321598
223813
333629
74717
285677
204372
197425
90019
205821
289565
109422
218966
44319
216916
96282
69552
156632
249997
26792
65322
143292
274319
347164
77229
54750
123650
33743
226084
95351
99535
300519
297372
71830
28783
328248
77992
36247
218651
133603
214681
95612
249383
101538
169581
101474
110475
379
238051
33466
130231
266321
265719
335234
2786
58099
106736
118244
8008
18584
89206
91780
162764
227344
134917
76451
136023
214330
109615
161196
112190
361914
270088
57367
257869
13263
360239
46966
331179
334707
294882
77634
338299
90756
245054
59323
258099
273959
129477
266388
200015
320125
328163
298342
241139
113395
223278
253997
239917
355267
130972
334095
45008
356752
160410
221361
78645
103971
86972
194635
6146
294404
339578
330597
331416
277710
120951
249128
33906
253469
314733
199411
154217
121843
147051
187987
260260
40627
327462
125824
66375
263463
178085
259369
159338
116100
9602
199639
134361
107672
35708
46374
230538
116097
114022
6153
163107
82723
346396
142756
193721
95651
100805
191982
183911
75066
126407
321695
283846
181708
168120
72721
193548
68451
228322
37296
323375
52059
158277
282164
298470
70715
85502
5365
357158
276767
81124
257181
63086
313588
339291
126362
305373
269039
58357
187936
219499
4195
116155
302881
78855
65515
317367
351651
233126
317953
272750
319665
68517
346271
318421
356147
313200
116390
310813
17236
31885
255217
105673
84553
193967
324235
63715
185925
170243
141888
326257
299031
118689
90820
50155
353043
227064
134744
151645
191176
176721
86983
310652
220995
192750
291160
190184
23133
231318
175183
52370
257960
231051
54811
232005
307620
279966
140874
28937
301341
345196
244016
15410
32772
186684
307148
73400
127536
221775
339471
299173
74666
5413
354930
91372
49122
5766
253954
231911
327160
235051
121359
291785
184193
122244
359360
342793
300828
315780
279031
227026
89442
186246
209963
157873
343388
137346
169302
317201
58215
265372
293791
77771
204390
44840
54768
44974
179253
35128
22772
38
88745
144442
80399
88275
172383
107839
524
329594
268094
317925
271996
116564
45513
106352
169242
102411
141093
8297
37528
160092
162667
165199
337591
169855
35665
156509
273663
144504
243838
223025
8127
277423
28157
350298
290862
321952
80379
85859
38199
268907
335562
72291
123516
277871
214029
49426
148768
13900
302990
153358
213817
149254
192404
41813
282460
223514
285459
270795
223068
130111
305543
207208
257062
90684
244684
338550
114630
25820
290799
141174
120770
59892
72428
142373
183672
80304
180722
246026
65697
78593
355963
76781
102610
25906
51918
247008
162606
23504
26835
343751
29661
208958
357037
208146
180297
136345
191292
352720
160944
222411
121905
221296
350986
7012
58197
23688
288872
94725
164226
198978
133169
58569
28463
74872
155407
20747
355539
224782
28293
116237
66286
27290
194044
105012
291490
155793
87929
60550
158924
17838
194849
325265
147553
168390
286378
146103
333231
154331
207761
223891
233033
304824
141064
300654
287706
128222
252188
304321
202712
146955
328168
202957
228708
293754
122734
304959
112136
23904
154215
92052
150594
327186
360151
123731
281896
167146
231484
167380
272779
163023
139289
223539
168446
32822
284203
277163
40205
76389
302879
98714
351168
103704
122045
275315
297349
186183
294881
195206
191204
257773
91016
231535
30680
104830
239037
216558
178661
176731
54216
206067
18796
29597
68904
179452
285780
192154
55424
208473
158001
135489
254045
284046
2922
330284
216427
90979
182961
32106
11376
281340
75617
110730
109885
213075
87283
193558
102805
160271
356727
240908
281714
26701
159081
248774
98538
68773
264959
37736
298465
262399
157084
130049
285603
148149
174014
195389
140131
333000
362201
278431
45434
45230
275481
148822
253579
54302
31254
72622
7504
210893
255935
190881
27918
34048
335192
136795
342561
255977
323872
293215
37062
35697
29443
149656
174328
205463
199966
224704
158116
312915
165124
17858
100352
310512
337285
34824
99903
347709
219099
14071
123371
181159
74425
132404
91221
313545
12010
136888
163001
89149
195314
229107
234136
312453
320569
124530
17315
58538
102447
99175
17894
231536
217336
231856
350267
119712
286299
197936
125951
179229
319772
321927
155232
339300
221256
153308
167051
193065
202843
189717
276945
97922
36983
92080
345943
74025
128505
240170
232236
3462
348316
299269
166860
173499
96838
245426
347019
152819
56888
327892
196114
6096
114597
357842
170217
100650
150055
53672
54413
183745
26493
309115
275091
658
268141
179836
51973
228650
24412
338929
173236
40288
292845
18027
93720
209274
93509
246121
54162
237307
277941
6597
313372
221641
316836
3836
86336
75808
104781
143881
189588
304210
300385
2060
247449
194300
106948
31942
262177
177376
222119
360458
247715
303876
23866
220356
168607
15708
201694
295372
60456
293386
240300
186701
289903
338041
74373
14376
206974
39573
46480
253634
222903
329290
166042
108241
291020
193859
80293
38583
284462
301688
359692
44705
172659
303427
225841
115022
321703
62400
122341
232969
269818
96691
23428
128272
57291
16946
361230
121111
233110
14745
235406
332516
47938
312708
130916
203757
209229
208673
42753
275549
255894
335900
197724
316289
225164
6660
243000
43643
70195
176134
260063
35677
242182
326478
328216
290237
1086
125032
275445
181617
3244
287243
35998
309134
118295
177003
117007
175727
113931
133327
359441
46366
32969
157934
197942
93824
19242
240098
236429
213385
144805
53209
250791
210973
177934
210307
14153
122382
116089
155022
247396
253144
234025
303413
298485
118525
267272
330077
60697
358019
113595
16439
316858
56824
223235
23995
205392
360796
326408
317357
243424
329067
92919
116872
330239
358195
350899
91681
179062
314528
309691
258192
67088
31011
24832
183807
148782
25507
23611
249548
345336
132088
256000
255008
65348
209591
347069
148771
120452
109716
184020
155477
155963
18094
181623
349562
242261
317736
48114
35186
223124
244412
35921
179184
108953
20090
167685
131132
17261
88285
175791
266545
290665
23026
229745
269480
82282
208626
268616
122243
119519
171418
328698
5306
188274
15189
155581
122624
354542
69704
222422
101049
99781
149397
320164
153968
45228
258927
355833
180044
110979
257765
208755
255576
167548
274735
225553
314253
266699
13947
135384
206326
347343
214370
4739
6296
37988
61994
275087
89143
198153
178627
210781
132064
241219
341399
109417
92846
95158
14513
354097
173965
120251
233163
233476
90222
31987
289828
24576
147861
300069
309917
356997
318202
17922
291150
226274
168346
180611
7797
156131
327504
279673
57414
100103
205574
254681
114046
58558
339204
342077
26664
313137
304262
303294
266442
260847
95685
318734
301257
259302
109723
264284
292498
1542
232615
96895
46090
298870
274563
157353
82805
181655
356154
356192
73836
166296
280154
85438
346184
47949
352055
4593
176774
150967
14775
244813
253252
98533
353137
251497
324138
277128
218826
231903
207542
3979
226708
147840
189569
213636
248607
192349
157917
261109
89980
150984
79452
257543
111500
78822
87961
264610
95548
172835
245836
147055
309391
351898
84237
89703
84725
349739
11784
244882
135108
204366
130452
245036
92616
27555
108524
342488
350207
348803
245811
159550
72756
60658
157861
45401
296999
88838
75743
88022
24745
222509
203180
119508
58474
43
250151
53609
321209
118794
227146
290806
81266
86785
142976
46193
75844
318761
210321
294619
102767
27541
344479
198127
105458
8659
48845
285251
336709
7662
138122
76399
8355
273451
42515
46347
153823
237325
300623
270701
145573
86313
250763
217721
142179
262879
331528
101096
13976
207606
61440
43028
148590
221048
275002
62828
84028
190736
355886
126972
81183
66246
329385
340902
154130
205562
269742
330476
38657
152457
275573
69364
72478
115103
336844
187580
177544
348783
127600
137190
343195
312061
350613
120840
163894
359782
308348
58772
92723
274385
154132
188463
26595
58799
250341
298056
227241
146371
140540
68336
18292
24974
129250
348045
271488
333912
355256
173830
338142
338943
64250
222970
339257
52705
150382
242434
290632
130754
320249
290279
132399
127440
143264
311430
216549
288486
282156
141740
99694
263505
90618
11413
290816
93191
265404
247483
346761
71208
282574
2799
233939
132707
47674
357320
189329
96498
263143
15715
31434
235961
25096
356839
181384
236695
301271
261310
337081
311764
306933
203839
310495
285093
260797
173092
176392
27076
215127
359088
101490
157721
177088
348757
306760
89859
130177
259994
88638
138832
360871
83650
290443
149384
247515
320089
252591
178544
302535
46120
136755
284281
205390
220343
140711
223349
333731
213284
345912
221047
330132
134785
273415
246577
324683
356354
306047
317713
144845
114988
334724
193311
158312
322758
194634
51240
336546
182071
318806
254441
121249
256040
304511
128022
106487
54041
89383
258237
70629
62434
157992
175815
96334
208178
346869
204672
6433
201727
109669
216399
49713
210107
186723
259432
42450
28102
95472
253425
138365
321351
144688
113890
263210
149765
262472
6583
28689
9945
269764
325435
147973
360349
17848
261640
233892
288500
55389
142890
56966
325028
285121
305165
167956
101069
67824
219794
9702
243619
171253
27922
95980
192009
139652
232575
254569
70875
226855
355756
282693
126309
86338
249194
1995
73996
54378
110985
18386
55122
284213
193455
315145
15909
335464
200801
88121
87922
159917
84534
274734
54639
286341
222564
259600
297583
334905
134206
91665
55950
34179
318717
300610
31814
204830
359568
173975
146968
116426
267250
205673
170002
117693
288874
52941
323218
163937
257454
135152
77018
164691
288616
129196
158381
87180
168127
159598
181505
112374
296258
148354
348434
225141
255278
215854
114955
268553
194744
123348
214843
192629
318223
75997
119709
156454
228648
76954
102290
247416
156930
94616
242973
340245
10956
99415
294194
191555
146632
60976
125200
267418
30746
243803
191423
325320
289346
68548
312504
91546
16005
271631
143874
79744
133249
142928
241266
50003
316351
200206
85044
95864
257732
128515
48495
168163
74132
150641
329949
119078
132982
270736
10059
287547
166007
232736
212330
286656
32135
285211
349221
10344
197126
299415
117367
159243
48723
245035
66473
89927
284405
296317
123370
177953
337194
144530
36326
12312
155916
182075
17170
276265
130366
348712
319851
327431
142067
311746
285486
177855
291742
41462
242662
185560
357700
52194
231203
176176
298741
232366
137642
302059
208508
214059
19971
260918
194014
141356
181012
225171
336679
34396
164502
15672
301109
18352
229720
100273
324330
246706
216195
355193
63894
306582
106357
273747
95372
141290
332153
352069
82267
50121
23417
258846
100816
254127
6241
358425
248018
261471
334528
255026
311485
102792
342493
34706
114533
49293
264303
165486
35229
296211
122131
62867
159928
155120
59770
277436
233899
284345
161518
219191
135091
313055
219546
337587
212087
189963
201322
328664
49889
155017
191261
190008
39809
176684
235541
151465
4749
194375
352066
9711
213471
58396
22735
129980
175867
2437
2585
157211
218065
343309
4147
229222
355405
143684
159424
285682
124401
300924
70840
274806
265684
11291
280493
43476
18567
176661
163793
233604
43848
56034
81825
320176
284910
172077
18002
163411
259495
272772
92755
274217
188058
286350
357832
33283
194383
10285
76919
130233
288541
218809
91092
259606
324449
247502
309863
237327
235893
208714
217023
295844
138050
279768
12393
222394
318562
105336
187446
255354
77849
103230
109995
161537
57160
341067
180613
255821
74440
310676
1013
194868
152844
99678
12399
298599
145030
239722
64832
361111
257369
208762
177367
302860
325933
232305
160262
250334
13934
303102
176361
32011
300389
243267
154315
209095
248816
3516
169625
160750
220198
106089
241044
327965
134444
167818
68660
207036
20389
311192
89222
137580
251675
315795
342471
95774
195242
20300
22462
264716
258327
19600
43626
71095
154892
351680
231698
99984
246865
317509
204435
275099
131556
223317
76835
294128
295432
116053
93836
193150
27182
360804
193846
341630
99615
118203
190428
155958
307049
195364
188100
311888
196668
23341
91345
194467
360170
51189
171629
249700
333226
291908
135417
114075
320276
19925
40418
319240
69973
294954
221694
204325
25489
100027
313927
57279
152546
266670
131246
63336
238946
121272
118336
333898
251478
180994
236488
127027
255499
54447
265666
29889
58143
346123
330106
23244
187656
19547
133495
58905
197144
262475
20918
152818
142220
300391
106036
326781
350661
212649
338035
223995
230511
343268
122022
266429
273938
101080
157758
197919
224127
251152
37777
129756
350595
152553
327957
355151
357088
249324
170836
42167
67527
13964
355895
119739
156361
259566
182831
134366
241331
204460
247103
52110
344614
120295
226717
37967
215042
62913
119512
177503
202632
331226
57981
200735
97844
207484
290420
171712
108741
20188
184577
170044
126189
98347
193276
321863
90326
6224
291922
17461
210051
346267
200942
256703
361238
112298
246901
301650
133484
97192
348791
47294
345087
226611
211901
57202
50752
269032
275922
76608
252187
103417
95650
318686
329761
159843
116149
140716
59790
73751
292004
122488
211421
159629
32869
316188
92764
250929
88046
316363
61541
165169
280679
120482
168846
92014
347835
154675
257802
240232
320245
268455
301191
89860
160127
276941
208770
348603
327275
312444
200858
324555
102378
90403
254363
57434
170104
345876
252184
212818
266934
361772
314907
270493
166626
316675
143643
270659
332208
269959
229557
325752
95256
338702
155697
92581
127920
318445
104001
75613
18399
330260
296523
216233
17115
95153
268343
323662
15027
219826
9099
351670
62695
231018
233268
289468
309271
29083
358891
147111
23512
36807
257916
209566
188582
17111
356884
260638
41556
129322
47635
104811
320329
39833
199148
3028
277793
284727
179628
168764
142185
191772
2776
355288
352839
183246
343294
284128
334762
100657
218366
280483
330009
185769
293438
282228
232125
351179
298277
310363
170340
33473
9971
3330
290325
15182
290351
32401
304799
7996
17862
356134
80472
221071
155061
211548
341649
350667
96479
101287
70534
69217
349533
336956
178555
83391
182459
203785
77007
78496
354036
128115
325905
113202
42341
74242
197219
142250
278465
166133
307996
62108
107626
139566
1762
316888
149637
7320
223100
89453
278611
352984
24373
70711
103525
138038
124825
1077
107315
187343
304674
91415
33142
29585
90898
30520
41540
65703
24509
119419
303411
275617
97758
255027
223344
55132
53864
56020
315653
102247
6567
17499
209185
85113
107254
280173
264715
207828
48034
221275
304977
210769
69812
346306
46433
63946
278207
83270
303383
147902
229864
204418
113901
152100
147317
184413
152403
64451
24786
340223
191420
263992
195588
239988
88233
100306
44663
244653
310331
341609
112023
16008
334956
141116
130917
114298
197729
32198
273225
145646
290410
129027
311386
86512
209626
129010
262871
4001
326167
306581
225169
104045
329871
233787
217975
197873
62110
183667
250951
326451
23642
83452
245184
117149
39949
331342
131188
248936
264781
142352
80161
96352
25710
320979
162124
211705
97186
343118
307842
264835
47993
230997
28338
93537
78904
175878
325833
282246
284194
234194
81024
100942
21672
334770
229132
217847
25703
174288
155411
4907
87670
60301
121780
160900
230876
336173
256269
87201
216203
45402
18461
199997
260874
264660
124388
44312
305482
24529
229306
361370
116291
96706
345408
321979
237657
115109
52390
204135
168326
338656
55566
726
30326
84220
208163
153462
210521
359296
278195
165973
329313
227668
234632
95321
177232
224949
188446
284440
284316
175245
58572
192944
65214
298701
54418
245947
289527
136501
265627
281632
18309
313180
269560
120406
43378
61165
199477
122079
300995
71672
76255
208233
251491
119694
132289
85711
312894
39750
261653
15609
253999
304252
14055
254167
115195
256038
11340
131195
146579
42728
143534
149574
125993
292550
128930
103513
131992
253599
35475
360759
83048
274811
99408
249088
218410
191923
325874
187227
95569
319236
7128
274594
128633
108302
56694
62359
244529
219084
165257
306567
244410
178660
321855
286278
142565
279867
5994
193396
89557
89272
220172
31980
162395
321895
170986
136977
60535
238743
103196
26698
253597
46834
349287
34535
295181
193457
346452
248039
99344
89292
62523
1022
160029
349702
287854
23401
316769
292333
8488
166506
95965
118574
20190
72324
306523
331412
338451
43533
310541
199218
187509
211114
20234
53694
113514
217455
28273
337386
327195
335065
37572
196569
261798
120614
355144
233089
27419
66688
143803
74926
345397
160525
336653
9534
14401
181843
36057
268703
57038
59402
302292
355900
116048
289572
157385
337877
271320
88614
77441
343646
228036
227698
224916
34132
161985
339600
324636
70780
107633
30986
172469
137443
62771
79694
120386
44526
22958
97744
211531
96232
331695
281591
31678
138376
61601
160916
169727
50331
12126
71183
93098
262376
124518
309031
47730
360846
145231
79490
280978
140450
208401
319512
135564
131012
131858
64170
14773
92017
107433
62892
196623
130716
226447
325543
91363
84317
299067
246242
311559
73710
186192
80342
35972
35953
52846
41113
220749
181643
236287
303412
224279
200789
315215
96876
172758
333523
50183
61335
312415
178835
67072
197976
192919
314817
248255
197662
157685
37229
231803
59222
171390
59118
45719
146550
355029
244368
87736
337513
269247
296355
308415
3387
12722
100710
28366
341232
198852
346834
294681
310021
86091
257847
175618
177297
200099
229882
